100 - Crescente
    28
    42
    56
    11
    25
    37
    26
    1
    88
    21

100 - Decrescente
    999955
    999947
    999950
    999901
    999993
    999940
    999936
    1000000
    999949
    999905

100 - aleatorio
    974416
    494374
    48234
    21930
    34706
    101124
    902453
    408678
    311485
    715371

1000 - crescente
    76
    387
    592
    413
    189
    875
    419
    469
    792
    502

1000 - decrescente

    999474
    999934
    999561
    999472
    999426
    999949
    999263
    999456
    999320
    999068

1000 - aleatorio
    174300
    525058
    176299
    907132
    402242
    202151
    305669
    344815
    922707
    151135


10000 - crescente
    7610
    2954
    3419
    897
    8356
    2269
    6738
    1081
    9587
    1444

10000 - decrescente
    996309
    990053
    994008
    998982
    994629
    992470
    991582
    994820
    993025
    994912

10000 - aleatorio
    529033
    906989
    539632
    880897
    452192
    422594
    991344
    909026
    35353
    141961

100000 - crescente
    15639
    87233
    85792
    66081
    88397
    83552
    21963
    41273
    63812
    43886

100000 - decrescente
    932625
    922952
    932983
    955343
    957664
    928573
    984031
    961691
    984407
    907516

100000 - aleatorio
    803933
    988555
    23557
    317842
    190078
    342933
    875233
    793585
    746700
    782884